"V1","V2","V3"
0.000759398980195733,-0.000326153823817701,-0.000785221215613407
-0.000326153823817701,0.00185593952335955,0.000248457534576362
-0.000785221215613407,0.000248457534576362,0.000972840028163752
