"V1","V2","V3","V4","V5"
723.611782246044,20.694187231434,-134.555192514959,-4211.33795571874,6090.93845121335
20.6941872314329,41.673727021324,-259.821816425608,-124.312153681176,178.283805923999
-134.555192514934,-259.821816425608,1935.06729234192,790.830111810727,-1125.99141582364
-4211.33795571875,-124.312153681182,790.830111810874,24539.3709838478,-35533.920102969
6090.93845121335,178.283805924009,-1125.99141582385,-35533.920102969,51517.1386984697
